2.05122
2.03441
2.00925
1.97601
1.93505
1.88672
1.83146
1.76973
1.70205
1.62897
1.5511
1.4691
1.38362
1.29537
1.20508
1.11346
1.02127
0.929242
0.838118
0.748624
0.661471
0.577348
0.496916
0.420803
0.349599
0.283852
0.224061
0.170677
0.124095
0.0846509
0.0526239
0.0282293
0.0116194
0.00288181
0.00203941
0.00905018
0.0238079
0.0461431
0.0758252
0.112564
0.156013
0.205771
0.261388
0.322368
0.388172
0.458224
0.531916
0.608612
0.687655
0.76837
0.850073
0.932072
1.01368
1.09421
1.17299
1.24937
1.32271
1.39241
1.4579
1.51863
1.57413
1.62393
1.66764
1.7049
1.73543
1.75898
1.77538
1.7845
1.78628
1.78073
1.76791
1.74793
1.72097
1.68727
1.64712
1.60085
1.54887
1.4916
1.42951
1.36314
1.29301
1.21971
1.14385
1.06603
0.986886
0.907064
0.827206
0.747953
0.669937
0.593781
0.520087
0.449436
0.382382
0.319445
0.261112
0.207829
0.159998
0.117976
0.0820697
0.0525361
0.0295773
0.0133414
0.0039204
0.00135036
0.0056108
0.0166254
0.0342626
0.0583373
0.0886121
0.1248
0.166566
0.213531
0.265276
0.321343
0.38124
0.444448
0.510419
0.578589
0.648376
0.719185
0.79042
0.86148
0.931768
1.0007
1.0677
1.13221
1.1937
1.25166
1.30563
1.35515
1.39983
1.43931
1.47327
1.50144
1.5236
1.53958
1.54926
1.55257
1.5495
1.54009
1.52443
1.50266
1.47497
1.44159
1.40282
1.35898
1.31043
1.25759
1.2009
1.14081
1.07782
1.01246
0.945251
0.876742
0.807488
0.738049
0.668982
0.600839
0.534165
0.469486
0.407313
0.348133
0.292407
0.240566
0.193005
0.150086
0.112129
0.0794122
0.0521699
0.0305906
0.0148158
0.00493834
0.00100263
0.00300404
0.0108893
0.024557
0.0438589
0.0686011
0.0985458
0.133413
0.172886
0.216607
0.26419
0.315214
0.369236
0.425788
0.484383
0.54452
0.605686
0.667365
0.729035
0.790179
0.850285
0.908852
0.965395
1.01945
1.07056
1.11832
1.16233
1.20224
1.23772
1.26849
1.29431
1.31497
1.33031
1.34022
1.34462
1.34349
1.33686
1.32479
1.30738
1.28479
1.25722
1.2249
1.18811
1.14716
1.10237
1.05414
1.00286
0.948947
0.892846
0.835017
0.77593
0.716064
0.655903
0.595931
0.536629
0.47847
0.421917
0.367415
0.315394
0.266259
0.220392
0.178145
0.13984
0.105765
0.0761705
0.0512723
0.0312445
0.0162214
0.00629542
0.00151687
0.00189359
0.00739106
0.0179328
0.0334014
0.0536391
0.07845
0.107601
0.140825
0.177821
0.21826
0.261785
0.308015
0.356548
0.406966
0.458837
0.511716
0.565154
0.6187
0.671902
0.724312
0.775493
0.825018
0.872476
0.917474
0.959641
0.998632
1.03413
1.06584
1.09352
1.11693
1.1359
1.15027
1.15994
1.16484
1.16494
1.16023
1.15079
1.13668
1.11804
1.09503
1.06784
1.03672
1.00191
0.963721
0.922462
0.878477
0.832131
0.783805
0.733896
0.682811
0.630967
0.578783
0.526681
0.47508
0.424392
0.375022
0.327361
0.281784
0.238647
0.198287
0.161014
0.127113
0.0968388
0.0704163
0.0480374
0.0298602
0.0160074
0.00656579
0.00158553
0.00107995
0.00502556
0.0133624
0.0259948
0.0427921
0.06359
0.0881921
0.116372
0.147873
0.182416
0.219693
0.25938
0.301131
0.344585
0.389371
0.435105
0.4814
0.527863
0.574105
0.619737
0.664378
0.707656
0.749215
0.788709
0.825815
0.86023
0.891672
0.919887
0.944648
0.965758
0.983049
0.996386
1.00567
1.01083
1.01183
1.00867
1.00139
0.990051
0.974762
0.955652
0.932886
0.906656
0.877185
0.844719
0.809529
0.771906
0.732161
0.690621
0.647625
0.603526
0.55868
0.513451
0.468205
0.423304
0.379108
0.335969
0.294228
0.254216
0.216245
0.180611
0.147589
0.117432
0.090368
0.0665993
0.0462997
0.0296141
0.0166571
0.00751237
0.00223188
0.000835729
0.00331206
0.00961728
0.0196766
0.0333847
0.0506067
0.0711796
0.0949133
0.121593
0.15098
0.182815
0.216818
0.252696
0.290138
0.328823
0.368421
0.408596
0.449008
0.489318
0.529188
0.568284
0.606281
0.642866
0.677735
0.710602
0.741198
0.769274
0.794603
0.816979
0.836225
0.852187
0.86474
0.873789
0.879265
0.881131
0.879379
0.87403
0.865136
0.852777
0.837061
0.818123
0.796125
0.771252
0.743713
0.713738
0.681574
0.647487
0.611759
0.57468
0.536554
0.497691
0.458404
0.419012
0.379829
0.34117
0.303343
0.266646
0.231369
0.197788
0.166165
0.136743
0.109748
0.0853841
0.0638328
0.0452521
0.029775
0.0175084
0.00853247
0.00290005
0.000636327
0.00173875
0.00617717
0.0138942
0.0248058
0.0388021
0.0557483
0.075486
0.0978347
0.122593
0.149541
0.178441
0.209041
0.241075
0.274269
0.308337
0.34299
0.377934
0.412873
0.447515
0.48157
0.514752
0.546788
0.577412
0.606371
0.633428
0.658362
0.680971
0.701071
0.718502
0.733125
0.744824
0.75351
0.759117
0.761604
0.760959
0.757192
0.750341
0.740469
0.727662
0.712031
0.693711
0.672856
0.649642
0.624262
0.596927
0.567865
0.537314
0.505525
0.472759
0.439281
0.405365
0.371283
0.337311
0.303721
0.270781
0.238753
0.20789
0.178436
0.150619
0.124657
0.100748
0.0790751
0.0598006
0.0430671
0.0289958
0.0176856
0.00921194
0.00362702
0.000958934
0.00121172
0.00436542
0.0103763
0.0191773
0.0306789
0.0447693
0.0613164
0.0801682
0.101154
0.124087
0.148765
0.174972
0.20248
0.231052
0.260443
0.290401
0.320672
0.351001
0.381131
0.41081
0.43979
0.46783
0.494696
0.520168
0.544035
0.566102
0.586189
0.604133
0.61979
0.633035
0.643763
0.65189
0.657355
0.660117
0.660161
0.65749
0.652132
0.644137
0.633577
0.620542
0.605145
0.587516
0.567805
0.546176
0.52281
0.4979
0.471653
0.444284
0.416018
0.387086
0.357721
0.328164
0.298651
0.269421
0.240706
0.212737
0.185733
0.159908
0.135465
0.112593
0.0914675
0.0722511
0.0550882
0.040106
0.0274135
0.0171005
0.00923652
0.00387102
0.00103257
0.000728884
0.00294682
0.00765257
0.014792
0.0242914
0.0360576
0.0499795
0.0659288
0.0837608
0.103316
0.124422
0.146893
0.170535
0.195142
0.220504
0.246404
0.272623
0.298938
0.325127
0.350971
0.376255
0.400767
0.424304
0.446672
0.467687
0.487178
0.504984
0.520962
0.534984
0.546936
0.556725
0.564273
0.569524
0.572439
0.572998
0.571201
0.567069
0.56064
0.551971
0.541138
0.528234
0.513368
0.496667
0.47827
0.458331
0.437014
0.414497
0.390963
0.366607
0.341627
0.316227
0.290611
0.264987
0.239561
0.214537
0.190114
0.166485
0.143838
0.122349
0.102188
0.0835083
0.0664544
0.0511553
0.0377252
0.0262628
0.0168499
0.00955147
0.00441471
0.00146892
0.000725337
0.00217706
0.00579921
0.0115492
0.0193672
0.0291765
0.0408847
0.0543837
0.0695516
0.086253
0.104341
0.123656
0.144033
0.165294
0.187258
0.209738
0.232543
0.255481
0.278358
0.300984
0.323169
0.344729
0.365486
0.385268
0.403913
0.421269
0.437194
0.451559
0.464249
0.475162
0.484212
0.491328
0.496455
0.499555
0.500606
0.499606
0.496564
0.491512
0.484493
0.475571
0.46482
0.452334
0.438216
0.422586
0.405574
0.38732
0.367975
0.347699
0.326656
0.305018
0.282962
0.260665
0.238307
0.216068
0.194125
0.172652
0.15182
0.131793
0.112726
0.0947696
0.0780605
0.0627269
0.0488845
0.0366365
0.0260725
0.0172678
0.0102832
0.00516414
0.00194061
0.000626946
0.00122176
0.00370799
0.00805316
0.0142097
0.0221152
0.0316935
0.0428548
0.0554967
0.0695051
0.0847553
0.101113
0.118434
0.13657
0.155364
0.174654
0.194276
0.214063
0.233849
0.253468
0.272753
0.291546
0.309689
0.327033
0.343434
0.358758
0.372879
0.385683
0.397066
0.406938
0.415218
0.421842
0.42676
0.429933
0.431339
0.43097
0.428834
0.42495
0.419356
0.412099
0.403243
0.392865
0.38105
0.3679
0.353525
0.338043
0.321583
0.30428
0.286278
0.267723
0.248767
0.229563
0.210268
0.191035
0.172021
0.153376
0.135249
0.117784
0.101118
0.0853815
0.0706962
0.0571754
0.0449221
0.0340285
0.0245752
0.0166308
0.0102509
0.00547829
0.00234236
0.000858841
0.00102987
0.00284398
0.00627623
0.0112885
0.0178298
0.0258369
0.0352347
0.0459369
0.057847
0.0708588
0.0848577
0.0997211
0.11532
0.13152
0.148183
0.165165
0.182324
0.199513
0.216589
0.233408
0.249829
0.265716
0.280938
0.295368
0.308889
0.321389
0.332766
0.34293
0.351796
0.359296
0.36537
0.36997
0.373061
0.374622
0.374642
0.373124
0.370084
0.365551
0.359563
0.352175
0.343447
0.333456
0.322284
0.310027
0.296785
0.282668
0.267793
0.252283
0.236264
0.219867
0.203226
0.186474
0.169747
0.15318
0.136905
0.12105
0.105743
0.0911031
0.077245
0.0642763
0.0522971
0.0413986
0.0316628
0.0231621
0.0159581
0.0101016
0.00563231
0.00257809
0.000955223
0.00076813
0.00200942
0.00465998
0.00868923
0.0140554
0.0207058
0.0285775
0.0375978
0.0476849
0.0587485
0.0706907
0.0834067
0.0967859
0.110713
0.125067
0.139727
0.154567
0.169463
0.184287
0.198917
0.213229
0.227104
0.240427
0.253089
0.264985
0.276017
0.286095
0.295138
0.303073
0.309836
0.315374
0.319644
0.322612
0.324257
0.324569
0.323546
0.321201
0.317556
0.312642
0.306503
0.299192
0.290771
0.281311
0.270891
0.259598
0.247527
0.234776
0.221451
0.207662
0.193521
0.179142
0.164644
0.150142
0.135754
0.121595
0.107779
0.094414
0.0816069
0.069458
0.0580622
0.0475077
0.0378757
0.0292394
0.0216633
0.0152033
0.00990574
0.00580726
0.00293453
0.00130406
0.000922098
0.00178461
0.00387739
0.00717618
0.0116469
0.0172461
0.0239211
0.0316106
0.0402455
0.0497488
0.0600369
0.0710202
0.0826036
0.0946874
0.107168
0.11994
0.132895
0.145924
0.158917
0.171765
0.184362
0.196604
0.208388
0.219618
0.230202
0.240053
0.249091
0.257244
0.264445
0.270637
0.275771
0.279807
0.282714
0.28447
0.285064
0.284493
0.282763
0.279892
0.275905
0.270837
0.264732
0.257641
0.249624
0.240749
0.231089
0.220724
0.20974
0.198226
0.186277
0.17399
0.161465
0.148803
0.136106
0.123475
0.111011
0.0988133
0.0869784
0.0755991
0.0647644
0.0545581
0.0450589
0.0363391
0.0284645
0.0214936
0.0154772
0.0104581
0.00647076
0.00354099
0.00168585
0.00091352
0.00122324
0.0026054
0.00504161
0.00850494
0.0129601
0.0183639
0.0246655
0.0318069
0.0397235
0.0483445
0.0575938
0.0673903
0.077649
0.0882811
0.0991954
0.110299
0.121497
0.132695
0.143798
0.154715
0.165352
0.175622
0.18544
0.194725
0.2034
0.211395
0.218644
0.225089
0.230677
0.235366
0.239116
0.2419
0.243697
0.244494
0.244285
0.243076
0.240878
0.237712
0.233604
0.228592
0.222717
0.21603
0.208587
0.200451
0.191689
0.182374
0.172582
0.162395
0.151896
0.14117
0.130305
0.119389
0.108509
0.097754
0.0872092
0.0769587
0.0670837
0.057662
0.0487675
0.0404693
0.0328313
0.0259118
0.019763
0.0144305
0.00995306
0.00636211
0.00368182
0.00192871
0.00111166
0.00123178
0.00228249
0.0042496
0.00711143
0.010839
0.0153965
0.0207412
0.0268242
0.0335909
0.0409809
0.0489292
0.0573666
0.0662198
0.0754127
0.0848665
0.0945007
0.104234
0.113983
0.123667
0.133205
0.142517
0.151525
0.160155
0.168336
0.176001
0.183087
0.189536
0.195296
0.200322
0.204572
0.208013
0.210619
0.21237
0.213253
0.213263
0.2124
0.210676
0.208104
0.204708
0.200518
0.195569
0.189904
0.183569
0.176619
0.169111
0.161107
0.152673
0.143878
0.134795
0.125498
0.116061
0.106561
0.0970759
0.0876802
0.0784494
0.069457
0.060774
0.0524686
0.0446059
0.0372468
0.0304478
0.0242608
0.0187323
0.0139031
0.00980828
0.00647667
0.00393067
0.00218619
0.00125243
0.00113194
0.00182055
0.00330746
0.00557537
0.00860062
0.0123535
0.0167982
0.0218937
0.0275937
0.033847
0.0405981
0.0477878
0.0553534
0.0632294
0.0713481
0.0796399
0.0880343
0.0964602
0.104846
0.113122
0.121219
0.129068
0.136606
0.143769
0.150498
0.156739
0.16244
0.167555
0.172043
0.175867
0.178999
0.181412
0.183089
0.184017
0.18419
0.183609
0.182279
0.180213
0.17743
0.173953
0.169814
0.165047
0.159692
0.153794
0.147403
0.140572
0.133358
0.125819
0.118019
0.11002
0.101888
0.0936896
0.0854905
0.0773571
0.0693547
0.0615474
0.0539973