2.04305
1.9938
1.91285
1.80304
1.66808
1.51241
1.34107
1.15962
0.973973
0.790184
0.614227
0.451822
0.308249
0.188178
0.0955138
0.0332643
0.00344972
0.00703488
0.0438971
0.11283
0.211587
0.336947
0.484826
0.650407
0.828297
1.01271
1.19763
1.37704
1.54511
1.69636
1.82587
1.92943
2.00366
2.04615
2.05552
2.03147
1.97477
1.88727
1.77183
1.6322
1.47293
1.2992
1.11666
0.931259
0.749033
0.575911
0.417529
0.279043
0.164962
0.0789999
0.0239563
0.00162471
0.012734
0.0569249
0.132761
0.237778
0.368559
0.520849
0.689696
0.869604
1.05472
1.23902
1.41651
1.58141
1.72835
1.85254
1.94996
2.01742
2.05272
2.05471
2.02333
1.95959
1.86558
1.74435
1.59985
1.43679
1.26049
1.07667
0.891312
0.710456
0.539981
0.385431
0.251831
0.143523
0.064025
0.0159184
0.000761969
0.0190416
0.0701557
0.152434
0.263193
0.398822
0.554902
0.72635
0.90758
1.09269
1.27566
1.45053
1.61161
1.75365
1.87204
1.96291
2.02332
2.05131
2.04595
2.00742
1.937
1.83695
1.71055
1.56191
1.39586
1.21782
1.03357
0.849122
0.67047
0.503433
0.353446
0.225393
0.123442
0.0509134
0.0101677
0.00253328
0.0282602
0.0865131
0.175398
0.292025
0.432599
0.592547
0.766666
0.94929
1.13448
1.31619
1.48853
1.64587
1.78308
1.89569
1.98001
2.03328
2.05373
2.04066
1.99448
1.91667
1.80974
1.67719
1.52335
1.3533
1.17262
0.987257
0.803302
0.626768
0.463398
0.318481
0.196688
0.101935
0.037268
0.0047752
0.00551665
0.0394799
0.105565
0.201609
0.324459
0.470084
0.633726
0.810062
0.993375
1.17772
1.35712
1.52572
1.67799
1.80895
1.91433
1.99071
2.03563
2.04766
2.02642
1.97259
1.88787
1.77502
1.63771
1.48044
1.30834
1.12702
0.942388
0.760429
0.587064
0.427944
0.288263
0.172578
0.0846622
0.027377
0.00259122
0.011121
0.0527
0.125983
0.228589
0.357183
0.507586
0.674915
0.853736
1.03823
1.2224
1.40024
1.56596
1.71419
1.8401
1.93959
2.00943
2.04732
2.05203
2.02342
1.96242
1.87101
1.75216
1.60973
1.44838
1.27334
1.09033
0.905288
0.724243
0.553075
0.397347
0.262123
0.151794
0.0699436
0.0192265
0.00128344
0.0166887
0.0649304
0.144428
0.252586
0.385874
0.539948
0.709785
0.889848
1.07427
1.25705
1.43223
1.5941
1.7374
1.85746
1.95036
2.01309
2.04361
2.04092
2.00511
1.93735
1.83984
1.71577
1.56917
1.40482
1.22807
1.04468
0.860619
0.681887
0.514304
0.363329
0.233882
0.13018
0.0556058
0.0125913
0.00254242
0.0257922
0.0815897
0.168125
0.282586
0.421253
0.579618
0.75253
0.934364
1.1192
1.30103
1.47393
1.63226
1.77088
1.88524
1.97162
2.02718
2.05011
2.03963
1.99606
1.92081
1.81632
1.686
1.5341
1.3656
1.18601
1.00122
0.817298
0.640252
0.475865
0.329489
0.20587
0.108997
0.0419805
0.00695945
0.00503869
0.0362597
0.0996014
0.19301
0.31346
0.457041
0.619076
0.79427
0.976883
1.16093
1.34039
1.5094
1.66247
1.79465
1.90166
1.98004
2.02726
2.04175
2.02302
1.97165
1.8893
1.77866
1.64334
1.4878
1.31711
1.13686
0.952894
0.771197
0.59767
0.43796
0.297277
0.18022
0.0906152
0.0313895
0.00447292
0.0107427
0.0500008
0.120983
0.221396
0.347986
0.496642
0.662525
0.840235
1.02399
1.20783
1.38579
1.55209
1.70132
1.82863
1.92985
2.00169
2.0418
2.0489
2.02277
1.96425
1.87525
1.75865
1.61824
1.45858
1.28488
1.10279
0.918242
0.73724
0.565657
0.409061
0.272537
0.160518
0.0766388
0.0236171
0.00316329
0.0159277
0.0614816
0.13833
0.24396
0.374919
0.526931
0.695035
0.873752
1.05726
1.23958
1.41477
1.57713
1.72135
1.84275
1.93736
2.00213
2.03493
2.0347
2.00145
1.93626
1.84126
1.71954
1.57507
1.41256
1.23731
1.05502
0.871635
0.693128
0.525318
0.373678
0.24315
0.137989
0.0616278
0.0165612
0.00426574
0.0251506
0.0785447
0.16272
0.274945
0.411577
0.568175
0.73965
0.920426
1.10462
1.28625
1.45939
1.61842
1.75814
1.87401
1.96224
2.01994
2.04523
2.03726
1.99629
1.92363
1.82164
1.69364
1.54382
1.37705
1.19881
1.0149
0.831359
0.654179
0.489148
0.341647
0.216469
0.117669
0.0484305
0.0109663
0.00645272
0.0349967
0.0956369
0.186378
0.304258
0.445438
0.60533
0.778731
0.959996
1.14321
1.32239
1.49167
1.6455
1.77887
1.88741
1.96762
2.0169
2.03368
2.01744
1.96873
1.88914
1.78124
1.64853
1.4953
1.32653
1.14771
0.964688
0.783449
0.609919
0.449767
0.308217
0.18988
0.0986091
0.0373801
0.00819931
0.0120374
0.0487929
0.117289
0.21531
0.339669
0.48632
0.650496
0.826867
1.00971
1.1931
1.37109
1.53789
1.68807
1.81673
1.91967
1.99355
2.03596
2.04555
2.02202
1.96614
1.87972
1.76555
1.62735
1.4696
1.29743
1.11645
0.932563
0.75174
0.579854
0.42248
0.284715
0.171024
0.0850882
0.0296893
0.00661306
0.0165909
0.0592772
0.133263
0.236124
0.364501
0.514201
0.68034
0.857494
1.03988
1.22156
1.3966
1.55932
1.70441
1.82715
1.92354
1.99044
2.02566
2.02806
1.99757
1.93518
1.84294
1.72385
1.58178
1.42137
1.24783
1.06683
0.884268
0.706099
0.538131
0.385838
0.254188
0.147478
0.0691946
0.0219013
0.00715175
0.0254397
0.0761838
0.157747
0.267491
0.401858
0.556487
0.726356
0.905945
1.08942
1.27081
1.44422
1.60401
1.74498
1.86252
1.95281
2.01289
2.0408
2.03561
1.9975
1.92768
1.82842
1.70295
1.55535
1.39045
1.21363
1.03066
0.847522
0.670198
0.504477
0.355764
0.228899
0.127999
0.0563227
0.016169
0.00880323
0.0344212
0.0921468
0.180065
0.295285
0.43404
0.591807
0.763452
0.943393
1.12578
1.30467
1.47423
1.62894
1.76373
1.87419
1.9567
2.00856
2.02809
2.01464
1.9687
1.89176
1.78636
1.65595
1.50478
1.33776
1.16035
0.978297
0.797542
0.62398
0.463278
0.320693
0.200894
0.107801
0.0444602
0.0129425
0.0142811
0.0484417
0.114327
0.209815
0.331824
0.476409
0.638888
0.813987
0.996014
1.17905
1.35713
1.52448
1.67567
1.80579
1.91063
1.98679
2.0318
2.04419
2.02353
1.97049
1.88678
1.77512
1.63916
1.48332
1.31269
1.1328
0.949508
0.768756
0.596407
0.438054
0.298836
0.183271
0.0951046
0.0371869
0.0113784
0.018493
0.0582749
0.129409
0.229562
0.35546
0.502988
0.667323
0.843096
1.02456
1.20581
1.38092
1.5442
1.69033
1.81455
1.91281
1.98191
2.01958
2.0246
1.99682
1.93715
1.84754
1.73092
1.59109
1.4326
1.26062
1.08074
0.898847
0.720869
0.552616
0.399576
0.266744
0.158454
0.0782458
0.028748
0.0115901
0.0273492
0.0755296
0.15458
0.261943
0.394144
0.546899
0.715252
0.89374
1.07656
1.25778
1.43149
1.59206
1.73425
1.85345
1.94577
2.00819
2.03868
2.03622
2.00089
1.93383
1.83722
1.7142
1.56878
1.40569
1.23025
1.04818
0.865428
0.68796
0.521566
0.37167
0.24315
0.140178
0.0660858
0.0232562
0.0130457
0.0357434
0.0905655
0.175684
0.288293
0.424697
0.580438
0.750438
0.929159
1.11079
1.28942
1.45924
1.61472
1.75079
1.86301
1.94771
2.00209
2.02437
2.01382
1.97077
1.89665
1.79387
1.66581
1.51667
1.35134
1.1752
0.994012
0.813677
0.64007
0.478845
0.335261
0.214008
0.119056
0.053525
0.0195777
0.0183477
0.0499
0.113228
0.20629
0.326074
0.468701
0.629554
0.803423
0.984677
1.16744
1.34578
1.5139
1.66633
1.79811
1.90494
1.98336
2.03081
2.04576
2.02773
1.97733
1.89619
1.78696
1.65316
1.49916
1.32993
1.15099
0.96815
0.787349
0.61447
0.455124
0.314478
0.197083
0.106731
0.0463326
0.0178249
0.022111
0.0590281
0.127352
0.224835
0.34828
0.493646
0.656181
0.830578
1.01115
1.192
1.36724
1.53116
1.67839
1.80415
1.90432
1.97565
2.01581
2.0235
1.99847
1.94155
1.85459
1.74043
1.60277
1.44612
1.27558
1.09672
0.915372
0.737469
0.568813
0.414911
0.280789
0.170832
0.0886394
0.0369115
0.0173554
0.0306303
0.076325
0.152973
0.258099
0.388304
0.539371
0.706403
0.883979
1.06633
1.24753
1.42169
1.58314
1.72664
1.84751
1.94183
2.00652
2.03946
2.03957
2.00684
1.94232
1.84811
1.72727
1.58375
1.42221
1.24793
1.06657
0.884048
0.706323
0.539188
0.38809
0.257945
0.15298
0.0765894
0.0312311
0.0183444
0.0383058
0.090419
0.17294
0.283136
0.417382
0.571276
0.739788
0.917421
1.09839
1.2768
1.44685
1.603
1.74018
1.85391
1.94049
1.99708
2.02183
2.0139
1.97354
1.90207
1.80181
1.67605
1.5289
1.36518
1.19026
1.00985
0.829851
0.656136
0.494374
0.349842
0.227259
0.130631
0.0631275
0.0269779
0.0233951
0.0525338
0.113481
0.204285
0.322012
0.462848
0.622223
0.794964
0.975463
1.15786
1.33625
1.50485
1.6582
1.79133
1.89991
1.98042
2.03024
2.04773
2.03232
1.9845
1.90583
1.79888
1.66712
1.51484
1.347
1.16904
0.986741
0.806019
0.632733
0.472503
0.330524
0.211398
0.11898
0.0562567
0.0252403
0.0269099
0.0611787
0.1269
0.221905
0.343076
0.486446
0.647324
0.820452
1.00017
1.1806
1.35586
1.52022
1.66831
1.79532
1.8971
1.97034
2.01266
2.02268
2.00007
1.94557
1.86096
1.749
1.61335
1.45845
1.28935
1.11157
0.93092
0.753285
0.584467
0.42998
0.294874
0.183571
0.0997177
0.0460679
0.0243902
0.0354133
0.0788024
0.153171
0.256124
0.384336
0.533658
0.69925
0.875739
1.0574
1.23832
1.41265
1.5747
1.71922
1.84152
1.93759
2.00433
2.03953
2.04206
2.01181
1.94978
1.85797
1.73938
1.59785
1.43801
1.26504
1.08459
0.902525
0.724793
0.557182
0.405152
0.273648
0.166936
0.0884711
0.0407774
0.0253711
0.042711
0.0921845
0.17213
0.279893
0.411919
0.563869
0.730765
0.907152
1.08727
1.26526
1.43531
1.5919
1.72992
1.84489
1.93307
1.99159
2.01853
2.013
1.97517
1.90626
1.80852
1.68512
1.5401
1.37821
1.20475
1.02539
0.846006
0.672463
0.510435
0.36522
0.241563
0.143506
0.0742597
0.036102
0.0303031
0.057086
0.115617
0.204028
0.319479
0.458241
0.615824
0.787119
0.966566
1.14834
1.32654
1.4954
1.64943
1.78365
1.89371
1.97606
2.02804
2.04794
2.03513
1.98999
1.91399
1.80958
1.68014
1.52988
1.36369
1.18697
1.00547
0.825096
0.651691
0.490879
0.347864
0.227269
0.132985
0.0680463
0.0345346
0.0335092
0.0649718
0.127866
0.220113
0.338675
0.479663
0.638459
0.809873
0.988305
1.16793
1.34289
1.50748
1.65632
1.78455
1.88799
1.96327
2.00792
2.02051
2.00061
1.9489
1.86705
1.75774
1.62453
1.47178
1.30447
1.12806
0.948308
0.771095
0.602213
0.447185
0.311084
0.198366
0.112727
0.0569835
0.0329798
0.0415278
0.0823798
0.154235
0.254781
0.380772
0.528129
0.692082
0.867316
1.04815
1.22871
1.40315
1.56578
1.71134
1.83508
1.93297
2.00183
2.03942
2.04452
2.01695
1.95761
1.86842
1.75228
1.61296
1.45499
1.28352
1.10413
0.922663
0.745028
0.577009
0.424069
0.291177
0.182644
0.101981
0.0517857
0.0336567
0.0481411
0.0947183
0.17182
0.276883
0.406438
0.556224
0.721327
0.896342
1.07555
1.2531
1.42321
1.58034
1.71937
1.83579
1.92582
1.98651
2.01591
2.01303
1.97798
1.91187
1.81686
1.69604
1.55335
1.39345
1.22157
1.04333
0.864572
0.691151
0.528748
0.382684
0.257745
0.158025
0.0867929
0.0463926
0.0381654
0.0624101
0.118373
0.204272
0.317351
0.453973
0.609727
0.779578
0.958027
1.13929
1.31748
1.48682
1.6418
1.77739
1.8892
1.9736
2.02786
2.05024
2.04001
1.99751
1.92412
1.82221
1.69509
1.54688
1.38238
1.20693
1.02623
0.846148
0.672529
0.511002
0.366798
0.244578
0.148283
0.0810061
0.0448968